PROC TITULDAT()
[81 82 82 82 82 82 82 82 82 82 82 82 82 82 82 82 82 82 82 82 
82 82 82 82 82 82 82 82 82 82 82 82 82 82 82 82 82 82 82 69 
124 14 14 14 14 14 14 14 14 14 14 14 14 14 14 14 14 14 14 14 
14 14 14 14 14 14 14 14 14 14 14 14 14 14 14 14 14 14 14 124 
124 14 14 14 14 14 14 14 14 14 14 14 14 14 14 14 14 14 14 14 
14 14 14 14 14 14 14 14 14 14 14 14 14 17 17 17 14 14 14 124 
124 14 14 14 14 14 14 14 14 14 14 14 14 14 14 14 14 14 14 14 
14 14 14 14 14 14 14 14 14 14 14 14 17 18 128 17 14 14 14 124 
124 14 17 17 17 14 17 17 18 18 19 18 18 17 17 14 17 17 17 17 
18 19 18 17 17 17 17 14 17 17 18 18 20 128 21 19 17 14 14 124 
124 14 18 128 19 18 19 128 19 128 128 128 19 128 18 14 18 128 19 18 
128 128 128 18 19 128 18 14 18 128 20 128 128 128 128 128 17 14 14 124 
124 14 19 128 128 19 128 128 20 20 128 20 20 128 19 14 19 128 21 128 
20 19 20 128 21 128 19 14 19 128 22 128 21 19 19 18 17 14 14 124 
124 14 19 128 21 128 21 128 19 19 128 19 19 128 20 17 19 128 22 128 
19 14 19 128 22 128 19 14 19 128 22 128 21 18 17 14 14 14 14 124 
124 14 19 128 20 17 20 128 19 19 128 19 19 128 128 18 20 128 22 128 
19 14 19 128 22 128 19 14 19 128 22 128 128 128 17 14 14 14 14 124 
124 14 19 128 19 14 19 128 19 19 128 19 19 128 21 128 21 128 22 128 
19 14 19 128 21 128 19 18 19 128 21 128 21 18 17 14 14 14 14 124 
124 14 19 128 19 14 19 128 20 20 128 20 20 128 20 18 128 128 21 128 
20 19 20 128 19 18 128 19 128 18 20 128 21 19 19 18 17 14 14 124 
124 14 18 128 18 14 18 128 19 128 128 128 19 128 18 17 19 128 19 18 
128 128 128 18 17 17 18 128 18 17 18 128 128 128 128 128 17 14 14 124 
124 14 17 17 17 14 17 17 18 18 19 18 18 17 17 14 17 17 17 17 
18 19 18 17 14 14 17 17 17 14 17 18 19 19 19 18 17 14 14 124 
124 14 14 14 14 14 14 17 18 19 19 18 17 14 17 18 19 18 17 17 
17 17 14 14 14 17 18 19 19 19 18 17 14 14 14 14 14 14 14 124 
124 14 14 14 14 14 14 18 128 128 128 128 18 18 18 128 128 128 18 19 
128 18 14 14 14 18 128 128 128 128 128 17 14 14 14 14 14 14 14 124 
124 14 14 14 14 14 14 19 128 21 19 20 128 20 128 20 19 20 128 21 
128 19 14 14 14 19 128 21 19 19 18 17 14 14 14 14 14 14 14 124 
124 14 14 14 14 14 14 19 128 19 14 19 128 22 128 19 14 19 128 22 
128 19 14 14 14 19 128 21 18 17 14 14 14 14 14 14 14 14 14 124 
124 14 14 14 14 14 14 19 128 21 19 20 128 21 128 19 14 19 128 22 
128 19 14 14 14 19 128 128 128 17 14 14 14 14 14 14 14 14 14 124 
124 14 14 14 14 14 14 19 128 128 128 128 18 20 128 19 14 19 128 22 
128 19 14 14 14 19 128 21 18 17 14 14 14 14 14 14 14 14 14 124 
124 14 14 14 14 14 14 19 128 21 19 18 17 18 128 20 19 20 128 21 
128 21 19 19 18 20 128 21 19 19 18 17 14 14 14 14 14 14 14 124 
124 14 14 14 14 14 14 18 128 18 14 14 14 17 18 128 128 128 18 19 
128 128 128 128 128 19 128 128 128 128 128 17 14 14 14 14 14 14 14 124 
124 14 14 14 14 14 14 17 17 17 14 14 14 14 17 18 19 18 17 17 
18 19 19 19 18 18 18 19 19 19 18 17 14 14 14 14 14 14 14 124 
124 14 14 14 14 14 14 14 14 14 14 14 14 14 14 14 14 14 14 14 
14 14 14 14 14 14 14 14 14 14 14 14 14 14 14 14 14 14 14 124 
90 82 82 82 82 82 82 82 82 82 82 82 82 82 82 82 82 82 82 82 
82 82 82 82 82 82 82 82 82 82 82 82 82 82 82 82 82 82 82 67 ]
;
PROC INSTRDAT()
[81 82 82 82 82 82 82 82 82 82 82 82 82 82 82 82 82 82 82 82 
82 82 82 82 82 82 82 82 82 82 82 82 82 82 82 82 82 82 82 69 
124 53 107 111 108 101 109 0 104 114 97 99 101 0 106 101 0 243 240 242 
225 246 238 229 0 111 122 110 97 99 105 116 0 118 115 101 99 104 13 124 
124 110 97 0 112 111 108 105 99 107 97 0 115 0 109 105 110 97 109 105 
1 0 0 58 97 0 116 105 109 0 117 99 101 108 101 109 0 115 101 124 
124 111 100 107 114 121 118 97 106 105 0 112 111 108 105 99 107 97 12 0 
107 100 101 0 110 101 106 115 111 117 0 109 105 110 121 14 0 46 97 124 
124 116 101 99 104 116 111 0 0 112 111 108 105 99 107 97 99 104 0 0 
106 101 0 0 99 105 115 101 108 110 121 0 0 117 100 97 106 0 111 124 
124 112 111 99 116 117 0 109 105 110 0 111 107 111 108 111 0 112 111 108 
105 99 107 97 0 8 109 97 120 14 0 24 9 14 0 0 46 101 13 124 
124 110 105 13 108 105 0 111 107 111 108 111 0 112 111 108 105 99 107 97 
0 122 97 100 110 97 0 109 105 110 97 12 0 106 101 0 0 110 97 124 
124 110 101 109 0 7 14 7 14 0 176 239 128 239 228 235 242 249 244 233 
128 128 240 239 236 233 227 235 225 128 128 243 128 128 237 233 238 239 245 124 
124 238 225 243 236 229 228 245 234 229 128 246 249 226 245 227 232 128 225 128 
235 239 238 229 227 128 232 242 249 129 0 0 0 0 0 0 0 0 0 124 
124 48 111 0 118 121 98 117 99 104 117 0 115 101 0 122 111 98 114 97 
122 105 0 0 109 105 110 121 0 0 110 97 0 0 118 115 101 99 104 124 
124 110 101 111 100 107 114 121 116 121 99 104 0 97 0 110 101 111 122 110 
97 99 101 110 121 99 104 0 0 112 111 108 105 99 107 97 99 104 14 124 
124 46 97 0 109 105 115 116 101 0 115 112 97 116 110 101 0 111 122 110 
97 99 101 110 101 0 109 105 110 121 0 115 101 0 0 122 111 98 13 124 
124 114 97 122 105 0 7 56 7 14 0 0 0 0 0 0 0 0 0 0 
0 0 0 0 0 0 0 0 0 0 0 0 0 0 0 0 0 0 0 124 
124 48 111 107 117 100 0 118 0 109 101 110 117 0 122 118 111 108 105 116 
101 0 109 105 110 121 0 105 0 118 0 0 111 107 114 97 106 105 12 124 
124 110 101 100 97 0 115 101 0 118 122 100 121 0 106 101 100 110 111 122 
110 97 99 110 101 0 117 114 99 105 116 0 115 112 114 97 118 110 97 124 
124 112 111 108 111 104 97 0 109 105 110 121 0 110 97 0 111 107 114 97 
106 105 0 112 111 108 101 14 0 0 45 117 115 105 116 101 0 115 101 124 
124 115 112 111 108 101 104 110 111 117 116 0 110 97 0 115 116 101 115 116 
105 1 0 0 0 0 0 0 0 0 0 0 0 0 0 0 0 0 0 124 
124 0 0 0 0 0 0 0 0 0 0 0 0 0 0 0 0 0 0 0 
0 0 0 0 0 0 0 0 0 0 0 0 0 0 0 0 0 0 0 124 
124 48 111 104 121 98 0 107 117 114 122 111 114 117 0 14 14 14 14 14 
14 14 14 14 14 0 93 94 95 92 0 98 101 122 0 35 52 50 44 124 
124 47 100 107 114 121 116 105 0 112 111 108 105 99 107 97 0 14 14 14 
14 14 14 14 14 0 45 37 58 37 50 46 41 43 0 0 0 0 0 124 
124 47 122 110 97 99 101 110 105 0 109 105 110 121 0 14 14 14 14 14 
14 14 14 14 14 0 50 37 52 53 50 46 0 0 0 0 0 0 0 124 
124 46 97 118 114 97 116 0 122 101 0 104 114 121 0 100 111 0 109 101 
110 117 0 14 14 0 37 51 35 33 48 37 0 0 0 0 0 0 0 124 
124 0 0 0 0 0 0 0 0 0 0 0 0 128 179 180 172 161 163 128 
130 179 180 161 178 180 130 128 0 0 0 0 0 0 0 0 0 0 0 124 
90 82 82 82 82 82 82 82 82 82 82 82 82 82 82 82 82 82 82 82 
82 82 82 82 82 82 82 82 82 82 82 82 82 82 82 82 82 82 82 67 ]
;


